sensors:
  # If using a single RGB or RGB-D camera
  cameras:
    - ID: 1
      intrinsic:
        fx: 457.587
        fy: 456.134
        cx: 379.999
        cy: 255.238
      extrinsic: [0.0125552670891, -0.999755099723, 0.0182237714554, -0.0198435579556, 0.999598781151, 0.0130119051815, 0.0251588363115, 0.0453689425024,-0.0253898008918, 0.0179005838253, 0.999517347078, 0.00786212447038,0.0, 0.0, 0.0, 1.0]
      distortion:
        k1: 0.0
        k2: 0.0
        p1: 0.0
        p2: 0.0
        k3: 0.0
      interface:
        type: "csv_reader"
        path: "/home/srikanth/machine_hall/machine_hall/MH_01_easy/MH_01_easy/mav0/cam1/data.csv"  # Path to the CSV file containing camera data
      rate_hz: 20
      resolution: [752, 480]
      camera_model: pinhole

    - ID: 0
      intrinsic:
        fx: 458.654
        fy: 457.296
        cx: 367.215
        cy: 248.375
      extrinsic: [0.0148655429818, -0.999880929698, 0.00414029679422, -0.0216401454975,0.999557249008, 0.0149672133247, 0.025715529948, -0.064676986768,-0.0257744366974, 0.00375618835797, 0.999660727178, 0.00981073058949,0.0, 0.0, 0.0, 1.0]
        
      distortion_coefficients: [-0.28340811, 0.07395907, 0.00019359, 1.76187114e-05]
      interface:
        type: "csv_reader"
        path: "/home/srikanth/machine_hall/machine_hall/MH_01_easy/MH_01_easy/mav0/cam0/data.csv"  # Path to the CSV file containing camera data  
      rate_hz: 20
      resolution: [752, 480]
      camera_model: pinhole

 

  





pipe_line:

  visual_odometry:
    
    feature_extractor:
      type: "ORB"
      nfeatures: 1200
      scale_factor: 1.2
      nlevels: 8
      edgeThreshold: 31
      firstLevel: 0
      patchSize: 31
      fastThreshold: 19
      WTA_K: 2

    depth_estimator:
      type: "stereo"
      left_camera_id: 0
      right_camera_id: 1

    tracker:
      type: "descriptor"
      reprojection_error: 5.0
      iterationsCount: 200
      confidence: 0.01
      FB_MAX_DIST: 1.0
      win_size: 31
      max_level: 8
      camera_id: 0
    min_num_landmarks: 20